40 40
15 259 360
18 33
40 6
27 6
19 12
16 40
1 6
32 19
3 28
32 32
9 23
10 2
38 14
34 40
29 23
9 37
27 3
16 11
19 19
2 6
20 2
36 3
7 27
36 10
11 37
27 4
36 21
19 34
11 8
27 9
23 22
5 40
29 10
33 29
17 14
37 3
33 33
25 7
24 24
24 28
6 4
29 11
36 36
16 33
17 7
21 17
14 30
2 2
15 8
33 37
40 21
21 38
16 15
2 26
14 28
20 4
30 9
15 11
6 31
34 33
16 37
27 40
6 18
2 37
32 8
23 25
16 10
39 12
26 6
33 2
13 24
2 36
25 12
24 27
18 30
32 5
27 11
13 19
20 36
30 38
28 35
40 17
36 28
39 28
32 24
12 14
11 31
18 21
10 19
13 10
36 9
18 9
27 5
18 17
3 23
28 21
15 29
18 26
33 13
33 23
10 13
31 24
8 19
18 11
22 33
17 21
11 10
23 18
13 14
28 17
7 18
4 36
35 7
31 3
36 1
19 3
13 37
25 23
39 24
36 35
18 22
11 36
31 36
3 26
32 9
37 13
40 34
33 32
37 26
1 21
1 16
5 29
17 34
32 17
16 39
40 15
6 34
16 13
17 16
22 10
23 12
38 39
20 5
10 23
2 3
1 31
4 14
25 13
11 17
14 1
24 19
40 33
9 22
15 38
25 14
23 32
35 20
34 34
1 17
17 1
30 4
16 17
33 17
7 6
31 32
20 22
31 22
28 22
7 3
12 38
26 27
19 21
23 5
18 1
18 5
28 34
31 10
30 20
12 13
29 20
4 21
30 13
34 7
3 19
11 38
4 20
13 34
38 33
6 10
17 38
38 15
13 1
15 5
8 40
39 20
23 8
1 13
29 13
18 35
36 13
13 2
8 29
11 28
4 9
13 5
38 19
25 9
21 29
15 3
38 11
37 9
31 40
22 29
33 25
23 2
24 25
4 18
13 9
34 13
24 32
28 15
37 28
21 35
22 3
12 23
33 19
19 1
17 17
39 5
40 12
20 19
29 36
21 26
23 30
3 5
39 35
26 13
25 10
16 28
2 16
25 34
34 8
39 3
29 21
11 22
9 39
25 4
6 12
12 25
36 2
12 37
34 19
20 30
40 4
13 4
9 18
2 32
21 23
19 35
19 6
31 6
12 9
2 9
20 34
21 2
31 20
19 39
28 25
9 19
3 24
33 39
29 26
9 24
21 8
7 26
27 18
1 32
28 26
34 30
3 29
36 33
3 35
21 9
35 37
20 32
36 6
13 29
29 8
10 38
2 24
35 40
3 32
39 4
27 38
22 27
32 4
19 13
34 4
26 39
15 35
32 2
9 12
5 36
25 32
29 15
36 22
38 37
4 38
20 37
14 34
1 25
9 8
10 20
18 39
4 3
4 16
27 15
8 1
20 35
33 26
14 37
37 33
36 20
23 19
6 37
30 10
5 13
28 23
21 37
32 10
10 18
14 39
2 38
6 3
8 27
23 29
11 16
26 32
25 37
5 5
7 15
13 23
27 25
24 36
35 13
2 33
28 39
9 38
23 20
5 18
1 1
36 25
39 34
5 22
19 31
15 7
39 33
40 14
20 3
21 13
10 1
5 31
27 22
29 27
27 39
4 33
23 17
21 21
31 35
7 17
14 4
39 31
15 32
40 13
34 1
20 12
8 18
3 8
3 20
6 32
4 7
12 2
11 6
34 18
35 25
15 14
28 31
15 4
21 27
28 8
22 11
7 34
6 21
17 6
31 12
6 17
32 36
7 21
39 18
35 17
11 26
28 10
24 29
11 34
7 11
8 31
12 35
12 21
17 30
18 18
37 11
34 10
11 24
6 13
7 12
35 10
13 31
15 17
1 27
28 11
37 24
27 2
7 40
28 32
21 6
31 13
20 7
30 8
7 33
35 8
15 31
36 19
26 23
6 5
29 35
37 14
36 4
40 9
23 3
1 22
3 2
7 7
40 39
31 19
1 11
19 26
23 31
26 18
22 21
30 5
8 5
10 36
18 2
32 18
17 32
14 13
34 26
38 1
11 9
27 14
39 6
7 16
20 25
23 35
38 16
39 23
22 31
18 16
9 30
33 11
27 19
20 33
31 25
39 8
27 10
27 7
8 38
29 5
33 16
37 18
15 19
7 20
35 29
36 38
37 29
20 18
15 18
18 13
15 37
17 39
13 30
34 21
16 26
14 20
13 6
36 27
10 15
16 1
35 27
2 14
16 16
19 30
34 35
4 35
12 39
1 28
18 29
15 26
26 17
14 19
15 36
35 31
29 6
11 30
12 22
15 15
36 32
22 9
22 17
31 31
18 40
28 19
36 40
24 17
28 3
14 40
17 8
39 40
34 9
30 30
38 23
16 19
36 16
7 31
14 23
40 5
26 21
38 12
12 18
4 19
8 3
7 24
39 7
38 24
38 9
5 14
11 20
18 23
35 1
23 15
15 1
24 4
10 12
31 8
4 22
31 34
33 1
8 32
4 17
33 10
25 28
35 2
36 24
17 18
35 32
35 35
26 11
17 31
16 35
25 29
1 14
16 4
10 10
22 16
22 15
1 2
3 3
7 4
27 20
22 26
18 28
29 37
17 37
32 38
2 20
24 11
20 13
22 7
37 36
22 24
2 7
13 32
17 26
14 24
6 1
19 29
16 9
29 30
30 40
1 7
27 31
4 34
25 30
31 4
34 15
23 36
33 12
5 7
11 29
21 39
23 24
3 13
28 28
12 31
5 10
19 8
22 37
35 39
25 39
25 22
